29
0 8934 1950 12821 12781 6932 1979 1398 11145 6028 1603 9646 4869 3619 8500 1986 12144 1640 7889 2219 4206 6952 12086 10429 2760 2483 2643 9420 11441
8934 0 10004 4197 4157 3942 10033 9452 2521 4572 8051 1022 4843 6443 1528 8182 3520 9694 1695 7539 5202 2422 3462 1805 7526 10537 10697 796 2817
1950 10004 0 13891 13851 8002 1925 1140 12215 7098 2673 10716 5939 4689 9570 3056 13214 2214 8959 3289 5276 8022 13156 11499 3830 879 1039 10490 12511
12821 4197 13891 0 832 7829 13920 13339 2668 8459 11938 4005 8730 10330 5415 12069 947 13581 5582 11426 9089 6309 1827 2842 11413 14424 14584 4189 1770
12781 4157 13851 832 0 7789 13880 13299 2628 8419 11898 3965 8690 10290 5375 12029 907 13541 5542 11386 9049 6269 1787 2802 11373 14384 14544 4149 1730
6932 3942 8002 7829 7789 0 8031 7450 6153 2570 6049 4654 2841 4441 3508 6180 7152 7692 2897 5537 3200 1960 7094 5437 5524 8535 8695 4428 6449
1979 10033 1925 13920 13880 8031 0 1373 12244 7127 2702 10745 5968 4718 9599 3085 13243 2243 8988 3318 5305 8051 13185 11528 3859 2458 2618 10519 12540
1398 9452 1140 13339 13299 7450 1373 0 11663 6546 2121 10164 5387 4137 9018 2504 12662 1662 8407 2737 4724 7470 12604 10947 3278 1673 1833 9938 11959
11145 2521 12215 2668 2628 6153 12244 11663 0 6783 10262 2329 7054 8654 3739 10393 1991 11905 3906 9750 7413 4633 1933 1166 9737 12748 12908 2513 1288
6028 4572 7098 8459 8419 2570 7127 6546 6783 0 5145 5284 1937 3537 4138 5276 7782 6788 3527 4633 2296 2590 7724 6067 4620 7631 7791 5058 7079
1603 8051 2673 11938 11898 6049 2702 2121 10262 5145 0 8763 3986 2736 7617 1103 11261 2363 7006 1336 3323 6069 11203 9546 1877 3206 3366 8537 10558
9646 1022 10716 4005 3965 4654 10745 10164 2329 5284 8763 0 5555 7155 2240 8894 3328 10406 2407 8251 5914 3134 3270 1613 8238 11249 11409 1014 2625
4869 4843 5939 8730 8690 2841 5968 5387 7054 1937 3986 5555 0 2378 4409 4117 8053 5629 3798 3474 1137 2861 7995 6338 3461 6472 6632 5329 7350
3619 6443 4689 10330 10290 4441 4718 4137 8654 3537 2736 7155 2378 0 6009 2867 9653 4379 5398 2224 1715 4461 9595 7938 2211 5222 5382 6929 8950
8500 1528 9570 5415 5375 3508 9599 9018 3739 4138 7617 2240 4409 6009 0 7748 4738 9260 1261 7105 4768 1988 4680 3023 7092 10103 10263 2014 4035
1986 8182 3056 12069 12029 6180 3085 2504 10393 5276 1103 8894 4117 2867 7748 0 11392 2746 7137 1467 3454 6200 11334 9677 2008 3589 3749 8668 10689
12144 3520 13214 947 907 7152 13243 12662 1991 7782 11261 3328 8053 9653 4738 11392 0 12904 4905 10749 8412 5632 1150 2165 10736 13747 13907 3512 1093
1640 9694 2214 13581 13541 7692 2243 1662 11905 6788 2363 10406 5629 4379 9260 2746 12904 0 8649 2979 4966 7712 12846 11189 3520 2747 2907 10180 12201
7889 1695 8959 5582 5542 2897 8988 8407 3906 3527 7006 2407 3798 5398 1261 7137 4905 8649 0 6494 4157 1377 4847 3190 6481 9492 9652 2181 4202
2219 7539 3289 11426 11386 5537 3318 2737 9750 4633 1336 8251 3474 2224 7105 1467 10749 2979 6494 0 2811 5557 10691 9034 1365 3822 3982 8025 10046
4206 5202 5276 9089 9049 3200 5305 4724 7413 2296 3323 5914 1137 1715 4768 3454 8412 4966 4157 2811 0 3220 8354 6697 2798 5809 5969 5688 7709
6952 2422 8022 6309 6269 1960 8051 7470 4633 2590 6069 3134 2861 4461 1988 6200 5632 7712 1377 5557 3220 0 5574 3917 5544 8555 8715 2908 4929
12086 3462 13156 1827 1787 7094 13185 12604 1933 7724 11203 3270 7995 9595 4680 11334 1150 12846 4847 10691 8354 5574 0 2107 10678 13689 13849 3454 1035
10429 1805 11499 2842 2802 5437 11528 10947 1166 6067 9546 1613 6338 7938 3023 9677 2165 11189 3190 9034 6697 3917 2107 0 9021 12032 12192 1797 1462
2760 7526 3830 11413 11373 5524 3859 3278 9737 4620 1877 8238 3461 2211 7092 2008 10736 3520 6481 1365 2798 5544 10678 9021 0 4363 4523 8012 10033
2483 10537 879 14424 14384 8535 2458 1673 12748 7631 3206 11249 6472 5222 10103 3589 13747 2747 9492 3822 5809 8555 13689 12032 4363 0 424 11023 13044
2643 10697 1039 14584 14544 8695 2618 1833 12908 7791 3366 11409 6632 5382 10263 3749 13907 2907 9652 3982 5969 8715 13849 12192 4523 424 0 11183 13204
9420 796 10490 4189 4149 4428 10519 9938 2513 5058 8537 1014 5329 6929 2014 8668 3512 10180 2181 8025 5688 2908 3454 1797 8012 11023 11183 0 2809
11441 2817 12511 1770 1730 6449 12540 11959 1288 7079 10558 2625 7350 8950 4035 10689 1093 12201 4202 10046 7709 4929 1035 1462 10033 13044 13204 2809 0
